─ SU.HARDW.SUPPORT.ARVID (2:5020/35.1) ──────────────── SU.HARDW.SUPPORT.ARVID ─
 Msg  : 341 of 367
 From : Slava Gostrenko 		    2:5020/468.105  19 Nov 96  13:26:10
 To   : All						    20 Nov 96  10:06:26
 Subj : Some hints for arvid soft developers
────────────────────────────────────────────────────────────────────────────────
Привет, All!

Дабы облегчить жизнь сторонним разработчикам софта из избавить их от тех
неудобств, которые я испытал, пользуясь весьма скудной и к тому же с багами
докой от КСИ, рискну дать несколько hint'ов.

1. В регистре комманд бит 0 имеет противоположный от доки смысл.
   (уже испpавлено в текущей веpсии документации)

2. После установки адреса чтения из памяти арвида нужно произвести холостое
чтение из регистра данных.

3. При чтении кадра с ленты в начало кадра арвид добавляет одно слово.
// При записи арвид вставляет одно слово. -=UV=-
// После сброса очереди кадров арвид при записи вставляет два слова. -=UV=-

4. В следущих двух сообщениях статистика по распределению ошибок по кадру и по
пакету кадров.

5. Просьба задавать вопросы прежде всего КСИ. Я тут человек совершенно
посторонний и рассказал все что я еще помню по этой теме на данный момент.

					       Slava.

--- http://sunny.aha.ru/~gw/ - home of Arvid Audio.
 * Origin: Joy to the people everywhere you see (2:5020/468.105)


─ SU.HARDW.SUPPORT.ARVID (2:5020/35.1) ──────────────── SU.HARDW.SUPPORT.ARVID ─
 Msg  : 342 of 367
 From : Slava Gostrenko 		    2:5020/468.105  19 Nov 96  13:21:08
 To   : All						    20 Nov 96  10:06:26
 Subj : 15000 кадров. Сколько слов считалось с ошибками в каждом месте кадра.
────────────────────────────────────────────────────────────────────────────────
Привет, All!

=== Cut ===
  7169	7446  7366  7746  7940	7838  8283  8752  3511
  2990	3048  3176  3275  3345	3461  3612  3674   126
    96	 117   108   139   123	 151   171   168     8
     8	  12	10    17    11	  18	23    29     5
     4	   5	 4     3     5	   6	 8     4     3
     3	   3	 3     2     3	   2	 5     7     6
     5	   1	 5     4     3	   8	 2     7     3
     5	   2	 2     4     0	   3	 4     4     5
     1	   3	 2     2     4	   2	 1     1     2
     1	   2	 1     1     4	   1	 3     4     4
     2	   1	 3     1     1	   1	 1     1     0
     2	   3	 3     4     3	   3	 3     5     3
     2	   1	 4     1     2	   1	 3     3     1
     1	   1	 3     2     0	   0	 2     1     1
     1	   1	 1     1     0	   5	 3     5     1
     2	   2	 1     2     2	   0	 2     1     2
     4	   2	 2     2     3	   2	 5     4     4
     3	   2	 1     2     2	   5	 7     2     1
     0	   5	 3     4     5	   5	 1     0     3
     2	   1	 2     4     2	   3	 4     4     1
     0	   0	 1     3     3	   4	 2     1     3
     4	   4	 5     5     6	   4	 2     4     0
     1	   5	 4     5     5	   1	 5     3     1
     0	   1	 1     1     1	   3	 3     4     1
     1	   4	 6     5     3	   6	 3     2     3
     1	   4	 3     2     4	   2	 3     3     0
     2	   1	 1     5     1	   0	 2     2     0
     1	   1	 2     2     2	   4	 2     2     2
     2	   2	 3     2     1	   4	 4     3     3
     0	   2	 1     0     3	   2	 4     4     0
     2	   0	 2     1     0	   0	 1     1     0
     2	   1	 2     2     2	   3	 4     2     4
     3	   4	 1     1     1	   2	 5     3     2
     4	   1	 1     2     0	   2	 2     4     1
     1	   1	 2     0     4	   2	 1     3     2
     1	   1	 2     3     3	   3	 3     2     3
     1	   4	 0     3     2	   1	 1     3     3
     0	   1	 4     3     1	   2	 1     3     3
     2	   2	 2     4     4	   4	 5     5     1
     0	   3	 0     0     2	   2	 1     3     1
     1	   2	 1     2     1	   0	 1     1     1
     0	   3	 1     2     1	   1	 1     4     2
     4	   1	 3     2     2	   1	 4     6     3
     1	   3	 4     3     2	   3	 1     1     3
     4	   3	 4     1     2	   3	 2     2     2
     1	   4	 3     1     1	   2	 2     3     2
     3	   5	 3     4     6	   4	 6     5     5
     6	   6	 6     6     4	   4	 3     5     3
     3	   5	 3     3     6	   5	 4     4     0
     1	   2	 2     0     1	   2	 3     2     1
     2	   1	 1     0     0	   3	 3     1     1
     0	   0	 1     2     3	   1	 2     1     0
     1	   1	 0     3     0	   4	 2     1     2
     3	   2	 3     2     1	   2	 0     1     2
     2	   3	 0     3     3	   5	 2     2     1
     1	   2	 1     1     2	   2	 1     4     0
     0	   3	 0     2     1	   0	 1     2     0
     0	   1	 2     3     2	   3	 3     2     2
     2	   2	 3     1     1	   6	 3     3     3
     0	   1	 2     0     2	   4	 3     1     2
     2	   2	 4     2     1	   2	 3     4     1
     1	   1	 1     1     3	   2	 2     3     1
     1	   1	 1     2     1	   0	 2     1     1
     1	   2	 0     1     2	   1	 1     2     0
     1	   1	 1     2     2	   0	 3     2     2
     2	   4	 3     2     6	   4	 2     3     2
     2	   2	 1     1     0	   2	 1     3     1
     2	   3	 2     2     1	   2	 4     4     2
     3	   1	 1     1     1	   2	 1     1     1
     0	   1	 3     2     2	   2	 1     2     2
     1	   1	 4     3     3	   3	 5     5     3
     3	   1	 2     2     3	   3	 1     3     2
     1	   1	 3     3     3	   3	 2     2     2
     1	   3	 1     2     3	   1	 1     1     3
     0	   4	 2     3     6	   4	 3     5     1
     1	   4	 1     1     1	   2	 4     2     4
     3	   5	 3     4     3	   1	 4     5     1
     3	   1	 2     5     4	   4	 5     3     2
     1	   2	 2     2     1	   2	 4     1     3
     4	   2	 1     2     2	   4	 2     4     2
     1	   1	 2     2     4	   4	 1     3     2
     2	   2	 4     4     7	   3	 4     5     1
     4	   4	 3     3     4	   4	 3     6     3
     3	   5	 2     3     2	   4	 3     3     1
     2	   3	 5     3     5	   3	 4     4     1
     0	   3	 2     2     2	   0	 1     2     3
     2	   4	 2     2     4	   3	 4     3     3
     4	   3	 3     2     1	   3	 3     1     2
     2	   3	 4     2     0	   4	 2     4     0
     1	   2	 0     2     2	   3	 3     3     2
     3	   1	 3     3     3	   3	 2     4     0
     2	   1	 1     4     2	   2	 1     3     3
     0	   1	 2     2     3	   1	 1     1     1
     2	   1	 1     2     4	   4	 3     3     1
     1	   0	 2     2     3	   3	 2     2     0
     1	   1	 1     0     1	   1	 0     3     1
     2	   1	 2     4     3	   2	 3     4     1
     5	   5	 1     0     3	   3	 2     3     0
     1	   2	 2     2     2	   1	 1     2     0
     2	   3	 2     1     4	   2	 4     4     0
     1	   2	 2     2     3	   3	 1     1     1
     3	   1	 2     1     0	   2	 1     2     1
     1	   3	 1     1     2	   1	 3     3     1
     2	   5	 5     1     2	   3	 2     3     2
     2	   3	 2     2     1	   1	 2     3     0
     0	   1	 2     2     1	   2	 1     3     1
     0	   0	 2     2     0	   3	 3     1     2
     3	   1	 2     0     2	   1	 3     1     2
     3	   3	 2     1     3	   2	 1     3     1
     2	   2	 3     3     2	   3	 2     3     5
     5	   4	 6     3     1	   1	 3     3     1
     4	   3	 5     3     2	   3	 2     3     3
     2	   2	 3     7     3	   5	 2     5     0
     0	   1	 1     1     2	   3	 2     1     1
     4	   2	 2     2     2	   2	 2     4     0
     0	   1	 2     2     3	   1	 1     3     0
     0	   1	 0     1     1	   2	 1     0     3
     2	   3	 1     1     5	   2	 3     1     2
     3	   2	 2     3     2	   3	 2     4     1
     1	   1	 3     2     1	   1	 2     4     3
     0	   3	 2     4     3	   2	 3     1     2
     1	   2	 2     0     2	   2	 0     2     0
     3	   4	 2     0     1	   2	 2     1     0
     0	   2	 2     1     2	   2	 3     2     0
     3	   4	 3     3     4	   4	 5     5     2
     2	   1	 0     0     4	   3	 3     4     3
     5	   4	 4     6     3	   7	 4     4     4
     3	   2	 3     3     3	   3	 3     2     4
     3	   6	 4     6     5	   6	 3     1     0
     0	   0	 0     1     0	   3	 4     3     1
     1	   3	 1     4     0	   2	 3     2     0
     1	   2	 2     1     2	   1	 1     3     2
     2	   2	 2     3     4	   3	 5     4     3
     3	   4	 5     5     4	   2	 3     4     1
     2	   3	 4     3     2	   4	 2     2     1
     2	   1	 1     1     1	   3	 2     2     2
     1	   2	 4     3     1	   5	 1     1     3
     0	   1	 1     1     3	   3	 5     2     2
     1	   2	 1     1     1	   1	 3     3     3
     3	   3	 1     0     0	   2	 0     1     1
     2	   3	 3     4     3	   2	 4     2     1
     2	   1	 1     1     2	   1	 1     3     0
     0	   0	 1     2     1	   0	 4     5     1
     1	   0	 2     1     3	   2	 1     1     3
     1	   2	 1     1     4	   1	 3     2     0
     2	   0	 0     3     3	   3	 1     1     0
     1	   2	 4     1     2	   2	 5     2     0
     0	   2	 3     1     1	   2	 1     3     1
     2	   5	 1     4     2	   2	 2     6     0
     2	   3	 2     2     1	   2	 2     3     0
     0	   2	 4     3     2	   2	 3     3     2
     1	   3	 3     3     3	   2	 3     4     1
     3	   3	 1     0     2	   2	 2     4     3
     4	   3	 4     1     1	   2	 3     4     2
     0	   2	 2     0     3	   0	 2     3     0
     0	   3	 2     2     3	   1	 2     2     2
     1	   1	 1     0     2	   1	 2     3     3
     2	   0	 3     3     1	   4	 2     1     0
     1	   1	 3     2     2	   3	 3     4     1
     0	   1	 0     1     3	   2	 1     1     0
     1	   3	 2     2     5	   3	 2     2     3
     0	   3	 2     2     4	   2	 3     2     1
     2	   0	 1     2     3	   1	 1     2     2
     2	   1	 1     3     2	   2	 2     4     1
     2	   1	 0     2     2	   2	 2     0     2
     3	   2	 3     2     3	   1	 3     2     1
     3	   1	 5     3     4	   3	 2     2     1
     1	   1	 2     1     1	   0	 1     0     0
     0	   2	 0     0     0	   1	 4     2     1
     1	   2	 1     4     4	   4	 4     0     0
     2	   2	 2     5     4	   5	 3     3     3
     2	   4	 1     3     3	   2	 2     4     5
     3	   3	 5     2     1	   3	 4     4     2
     1	   3	 3     2     3	   2	 3     2     1
     2	   0	 2     2     1	   2	 1     3     2
     1	   1	 3     2     0	   2	 1     2     0
     0	   0	 2     2     3	   2	 2     1     3
     2	   3	 1     2     1	   3	 2     2     0
     1	   1	 0     0     0	   0	 1     1     2
     0	   1	 1     3     3	   3	 1     1     1
     0	   1	 1     2     0	   3	 1     3     1
     1	   2	 0     0     1	   1	 0     1     0
     2	   0	 1     3     1	   1	 1     4     0
     1	   0	 2     3     2	   0	 2     3     2
     0	   1	 2     3     2	   3	 1     2     1
     2	   2	 4     6     3	   3	 2     2     3
     5	   7	 4     3     3	   3	 3     5     0
     1	   2	 1     1     0	   1	 2     3     2
     1	   1	 2     0     3	   2	 3     2     1
     2	   2	 4     3     1	   2	 3     3     2
     2	   1	 1     2     1	   2	 1     2     1
     2	   1	 0     2     1	   3	 4     1     2
     2	   3	 1     4     4	   4	 3     3     2
     0	   0	 0     0     0	   0	 0     1     1
     3	   1	 2     2     1	   4	 3     1     1
     0	   3	 2     1     1	   2	 3     3     4
     3	   3	 3     2     1	   1	 3     4     2
     2	   0	 1     2     2	   2	 1     3     3
     4	   3	 3     2     1	   1	 3     3     2
     1	   1	 2     1     2	   4	 2     3     1
     3	   3	 2     4     3	   3	 3     2     1
     0	   1	 1     2     2	   1	 3     1     3
     5	   6	 3     2     2	   2	 4     3     0
     0	   1	 0     0     1	   0	 0     3     0
     2	   1	 1     0     2	   3	 0     0     2
     2	   1	 1     1     1	   1	 3     6     2
     1	   1	 1     1     2	   4	 1     3     1
     2	   1	 4     0     4	   4	 1     2     1
     3	   5	 2     2     2	   1	 1     1     0
     1	   0	 0     2     3	   1	 2     2     1
     1	   2	 1     2     1	   0	 0     1     1
     1	   2	 2     2     0	   2	 3     1     1
     0	   0	 2     1     1	   2	 1     0     1
     1	   1	 2     1     1	   2	 1     2     1
     1	   1	 0     1     0	   2	 4     1     1
     1	   2	 1     1     2	   2	 2     1     1
     0	   0	 0     0     0	   0	 0     1     0
     0	   1	 0     2     2	   0	 0     2     0
     1	   1	 1     1     2	   1	 1     1     0
     0	   1	 0     1     2	   0	 3     1     0
     0	   0	 1     2     1	   3	 2     0     0
     0	   0	 0     3     1	   3	 3     4     3
     2	   1	 1     4     2	   3	 1     1     1
     3	   2	 1     0     1	   0	 1     1     1
     1	   2	 1     0     2	   1	 2     2     0
     1	   1	 2     2     1	   3	 2     5     2
     5	   4	 2     5     2	   2	 4     1     2
     1	   2	 1     1     1	   2	 3     5     1
     2	   2	 3     3     4	   3	 3     1     2
     4	   2	 3     2     4	   4	 4     3     2
     2	   0	 1     1     1	   1	 3     1     0
     1	   2	 2     1     2	   4	 2     2     3
     3	   3	 4     5     4	   2	 5     5     2
     2	   4	 2     2     5	   2	 3     4     1
     1	   1	 1     1     1	   3	 1     3     2
     3	   1	 4     2     3	   2	 2     3     1
     1	   1	 0     1     0	   1	 2     0     2
     4	   3	 1     3     2	   4	 4     2     1
     1	   0	 0     1     1	   2	 1     2     0
     0	   0	 1     1     1	   0	 0     1     0
     2	   2	 2     2     3	   1	 3     4     0
     2	   1	 2     2     0	   1	 4     3     2
     2	   3	 3     6     2	   2	 3     2     1
     0	   0	 2     2     1	   3	 2     2     3
     3	   2	 2     3     2	   2	 4     2     0
     1	   3	 0     1     2	   3	 2     3     0
     2	   0	 3     0     1	   2	 1     4     0
     3	   2	 1     1     5	   2	 1     1     0
     2	   3	 2     3     3	   4	 3     4     2
     2	   2	 3     1     3	   4	 2     2     1
     1	   1	 3     0     1	   2	 0     1     3
     3	   2	 2     2     0	   2	 1     2     0
     1	   1	 2     1     2	   3	 4     5     2
     4	   3	 4     4     5	   2	 4     3     2
     2	   1	 1     1     3	   4	 2     2     3
     1	   1	 3     5     5	   5	 4     4     3
     2	   2	 2     2     2	   3	 2     1     2
     1	   0	 3     1     1	   5	 2     6     4
     1	   2	 2     3     5	   3	 1     3     2
     2	   2	 1     2     3	   0	 3     2     3
     3	   2	 2     2     1	   2	 0     3     0
     1	   3	 1     1     2	   2	 3     2     0
     0	   3	 1     1     0	   1	 2     2     3
     0	   1	 0     1     1	   1	 0     0     1
     2	   3	 0     3     2	   2	 2     2     1
     1	   2	 2     2     3	   1	 3     2     0
     0	   1	 2     2     1	   1	 1     1     1
     1	   2	 1     5     3	   3	 2     2     2
     1	   2	 1     2     2	   3	 3     5     0
     1	   1	 2     1     2	   2	 2     2     1
     0	   0	 1     1     2	   2	 1     2     2
     1	   3	 1     2     2	   3	 1     2     1
     1	   0	 1     1     0	   3	 3     1     3
     1	   2	 0     1     0	   2	 3     4     1
     1	   0	 0     2     2	   0	 1     2     0
     0	   1	 2     0     1	   3	 3     5     0
     0	   1	 2     0     4	   2	 1     2     1
     1	   2	 1     2     3	   3	 2     4     0
     1	   1	 2     2     3	   2	 3     3     1
     1	   0	 3     4     5	   5	 6     7     3
     4	   6	 2     4     3	   2	 0     4     0
     1	   0	 2     3     2	   3	 2     2     6
     5	   4	 4     4     3	   4	 4     3     1
     3	   1	 1     2     1	   2	 2     1 15000
=== Cut ===

					       Slava.

--- http://sunny.aha.ru/~gw/ - home of Arvid Audio.
 * Origin: Joy to the people everywhere you see (2:5020/468.105)


─ SU.HARDW.SUPPORT.ARVID (2:5020/35.1) ──────────────── SU.HARDW.SUPPORT.ARVID ─
 Msg  : 343 of 367
 From : Slava Gostrenko 		    2:5020/468.105  19 Nov 96  13:22:54
 To   : All						    20 Nov 96  10:06:26
 Subj : 15000 кадров. Сколько кадров имели 1, 2, 3, 4, 5, ... ошибочных слов.
────────────────────────────────────────────────────────────────────────────────
Привет, All!

=== Cut ===
Error batches...
     0:     0	 25   195   614  1342  2065  2292  2208  1761  1297
    10:   965	754   540   409   260	148    66    17    11	  4
    20:     2	  6	3     2     0	  2	1     0     1	  0
    30:     0	  0	0     0     1	  0	0     0     0	  0
    40:     0	  0	0     0     0	  0	0     0     0	  0
    50:     0	  0	0     0     0	  0	0     0     0	  0
    60:     0	  0	0     0     0	  0	0     0     0	  0
    70:     0	  0	0     0     0	  0	0     0     0	  0
    80:     0	  0	0     0     0	  0	0     0     0	  0
    90:     0	  0	0     0     0	  0	0     0     0	  0
   100:     0	  0	0     0     0	  0	0     0     0	  0
   110:     0	  0	0     0     0	  0	0     0     0	  0
   120:     0	  0	0     0     0	  0	0     0     0	  0
   130:     0	  0	0     0     0	  0	0     0     0	  0
   140:     0	  0	0     0     0	  0	0     0     0	  0
   150:     0	  0	0     0     0	  0	0     0     0	  0
   160:     0	  0	0     0     0	  0	0     0     0	  0
   170:     0	  0	0     0     0	  0	0     0     0	  0
   180:     0	  0	0     0     0	  0	0     0     0	  0
   190:     0	  0	0     0     0	  0	0     0     0	  0
   200:     0	  0	0     0     0	  0	0     0     0	  0
   210:     0	  0	0     0     0	  0	0     0     0	  0
   220:     0	  0	0     0     0	  0	0     0     0	  0
   230:     0	  0	0     0     0	  0	0     0     0	  0
   240:     0	  0	0     0     0	  0	0     0     0	  0
   250:     0	  0	0     0     0	  0	0     0     0	  0
   260:     1	  0	0     0     0	  0	0     0     0	  0
   270:     0	  0	0     0     0	  0	0     0     0	  0
   280:     0	  0	0     0     0	  0	0     0     0	  1
   290:     0	  0	0     0     0	  0	0     0     0	  0
   300:     0	  0	0     0     1	  0	0     0     0	  0
   310:     0	  0	0     0     0	  0	0     0     0	  0
   320:     0	  0	0     0     0	  0	1     0     0	  0
   330:     0	  0	0     0     0	  0	0     0     0	  0
   340:     0	  0	0     0     0	  0	0     0     0	  0
   350:     0	  0	0     0     0	  0	0     0     0	  0
   360:     1	  0	0     0     0	  0	0     0     0	  0
   370:     0	  0	0     0     0	  0	0     0     0	  0
   380:     0	  0	0     0     0	  0	0     0     0	  0
   390:     0	  0	0     0     0	  0	0     0     0	  0
   400:     0	  0	0     0     0	  0	0     0     0	  0
   410:     0	  0	0     0     0	  0	0     0     0	  0
   420:     0	  1	0     0     0	  0	0     0     0	  0
   430:     0	  0	0     0     0	  0	0     0     0	  0
   440:     0	  0	0     0     0	  0	0     0     0	  0
   450:     0	  0	0     0     0	  1	0     0     0	  0
   460:     0	  0	0     0     0	  0	0     0     0	  0
   470:     0	  0	0     0     0	  0	0     0     0	  0
   480:     0	  0	0     0     0	  0	0     0     0	  0
   490:     0	  0	0     0     0	  0	0     0     0	  0
   500:     0	  0	0     0     0	  0	0     0     0	  0
   510:     0	  0	0     0     0	  0	0     0     0	  0
   520:     0	  0	0     0     0	  0	0     0     0	  0
   530:     0	  0	0     0     0	  0	0     0     0	  0
   540:     0	  0	0     0     0	  0	0     0     0	  0
   550:     0	  0	0     0     0	  0	0     0     0	  0
   560:     0	  0	0     0     0	  0	0     0     0	  0
   570:     0	  0	0     0     0	  0	0     0     0	  0
   580:     0	  0	0     0     0	  0	0     0     0	  0
   590:     0	  0	0     0     0	  0	0     0     0	  0
   600:     0	  0	0     0     0	  1	1     0     0	  0
   610:     0	  0	0     0     0	  0	0     0     0	  0
   620:     0	  0	0     0     0	  0	0     0     0	  0
   630:     0	  0	0     0     0	  0	0     0     0	  0
   640:     0	  0	0     0     0	  0	0     0     0	  0
   650:     0	  0	0     0     0	  0	0     0     0	  0
   660:     0	  0	0     0     0	  0	0     0     0	  0
   670:     0	  0	0     0     0	  0	0     0     0	  0
   680:     0	  0	0     0     0	  0	0     0     0	  0
   690:     0	  0	0     0     0	  0	0     0     0	  0
   700:     0	  0	0     0     0	  0	0     0     0	  0
   710:     0	  0	0     0     0	  0	0     0     0	  0
   720:     0	  0	0     0     0	  0	0     0     0	  0
   730:     0	  0	0     0     0	  0	0     0     0	  0
   740:     0	  0	0     0     0	  0	0     0     0	  0
   750:     0	  0	0     0     0	  0	0     0     0	  0
   760:     0	  0	0     0     0	  0	0     0     0	  0
   770:     0	  0	0     0     0	  0	0     0     0	  0
   780:     0	  0	0     0     0	  0	0     0     0	  0
   790:     0	  0	0     0     0	  0	0     0     0	  0
   800:     0	  0	0     0     0	  0	0     0     0	  0
   810:     0	  0	0     0     0	  0	0     0     0	  0
   820:     0	  0	0     0     0	  0	0     0     0	  0
   830:     0	  0	0     0     0	  0	0     0     0	  0
   840:     0	  0	0     0     0	  0	0     0     0	  0
   850:     0	  0	0     0     0	  0	0     0     0	  0
   860:     0	  0	0     0     0	  0	0     0     0	  0
   870:     0	  0	0     0     0	  0	0     0     0	  0
   880:     0	  0	0     0     0	  0	0     0     0	  0
   890:     0	  0	0     0     0	  0	0     0     0	  0
   900:     0	  0	0     0     0	  0	0     0     0	  0
   910:     0	  0	0     0     0	  0	0     0     0	  0
   920:     0	  0	0     0     0	  0	0     0     0	  0
   930:     0	  0	0     0     0	  0	0     0     0	  0
   940:     0	  0	0     0     0	  0	0     0     0	  0
   950:     0	  0	0     0     0	  0	0     0     0	  0
   960:     0	  0	0     0     0	  0	0     0     0	  0
   970:     0	  0	0     0     0	  0	0     0     0	  0
   980:     0	  0	0     0     0	  0	0     0     0	  0
   990:     0	  0	0     0     0	  0	0     0     0	  0
  1000:     0	  0	0     0     0	  0	0     0     0	  0
  1010:     0	  0	0     0     0	  0	0     0     0	  0
  1020:     0	  0	0     0     0	  0	0     0     0	  0
  1030:     0	  0	0     0     0	  0	0     0     0	  0
  1040:     0	  0	0     0     0	  0	0     0     0	  0
  1050:     0	  0	0     0     0	  0	0     0     0	  0
  1060:     0	  0	0     0     0	  0	0     0     0	  0
  1070:     0	  0	0     0     0	  0	0     0     0	  0
  1080:     0	  0	0     0     0	  0	0     0     0	  0
  1090:     0	  0	0     0     0	  0	0     0     0	  0
  1100:     0	  0	0     0     0	  0	0     0     0	  0
  1110:     0	  0	0     0     0	  0	0     0     0	  0
  1120:     0	  0	0     0     0	  0	0     0     0	  0
  1130:     0	  0	0     0     0	  0	0     0     0	  0
  1140:     0	  0	0     0     0	  0	0     0     0	  0
  1150:     0	  0	0     0     0	  0	0     0     0	  0
  1160:     0	  0	0     0     0	  0	0     0     0	  0
  1170:     0	  0	0     0     0	  0	0     0     0	  0
  1180:     0	  0	0     0     0	  0	0     0     0	  0
  1190:     0	  0	0     0     0	  0	0     0     0	  0
  1200:     0	  0	0     0     0	  0	0     0     0	  0
  1210:     0	  0	0     0     0	  0	0     0     0	  0
  1220:     0	  0	0     0     0	  0	0     0     0	  0
  1230:     0	  0	0     0     0	  0	0     0     0	  0
  1240:     0	  0	0     0     0	  0	0     0     0	  0
  1250:     0	  0	0     0     0	  0	0     0     0	  0
  1260:     0	  0	0     0     0	  0	0     0     0	  0
  1270:     0	  0	0     0     0	  0	0     0     0	  0
  1280:     0	  0	0     0     0	  0	0     0     0	  0
  1290:     0	  0	0     0     0	  0	0     0     0	  0
  1300:     0	  0	0     0     0	  0	0     0     0	  0
  1310:     0	  0	0     0     0	  0	0     0     0	  0
  1320:     0	  0	0     0     0	  0	0     0     0	  0
  1330:     0	  0	0     0     0	  0	0     0     0	  0
  1340:     0	  0	0     0     0	  0	0     0     0	  0
  1350:     0	  0	0     0     0	  0	0     0     0	  0
  1360:     0	  0	0     0     0	  0	0     0     0	  0
  1370:     0	  0	0     0     0	  0	0     0     0	  0
  1380:     0	  0	0     0     0	  0	0     0     0	  0
  1390:     0	  0	0     0     0	  0	0     0     0	  0
  1400:     0	  0	0     0     0	  0	0     0     0	  0
  1410:     0	  0	0     0     0	  0	0     0     0	  0
  1420:     0	  0	0     0     0	  0	0     0     0	  0
  1430:     0	  0	0     0     0	  0	0     0     0	  0
  1440:     0	  0	0     0     0	  0	0     0     0	  0
  1450:     0	  0	0     0     0	  0	0     0     0	  0
  1460:     0	  0	0     0     0	  0	0     0     0	  0
  1470:     0	  0	0     0     0	  0	0     0     0	  0
  1480:     0	  0	0     0     0	  0	0     0     0	  0
  1490:     0	  0	0     0     0	  0	0     0     0	  0
  1500:     0	  0	0     0     0	  0	0     0     0	  0
  1510:     0	  0	0     0     0	  0	0     0     0	  0
  1520:     0	  0	0     0     0	  0	0     0     0	  0
  1530:     0	  0	0     0     0	  0	0     0     0	  0
  1540:     0	  0	0     0     0	  0	0     0     0	  0
  1550:     0	  0	0     0     0	  0	0     0     0	  0
  1560:     0	  0	0     0     0	  0	0     0     0	  0
  1570:     0	  0	0     0     0	  0	0     0     0	  0
  1580:     0	  0	0     0     0	  0	0     0     0	  0
  1590:     0	  0	0     0     0	  0	0     0     0	  0
  1600:     0	  0	0     0     0	  0	0     0     0	  0
  1610:     0	  0	0     0     0	  0	0     0     0	  0
  1620:     0	  0	0     0     0	  0	0     0     0	  0
  1630:     0	  0	0     0     0	  0	0     0     0	  0
  1640:     0	  0	0     0     0	  0	0     0     0	  0
  1650:     0	  0	0     0     0	  0	0     0     0	  0
  1660:     0	  0	0     0     0	  0	0     0     0	  0
  1670:     0	  0	0     0     0	  0	0     0     0	  0
  1680:     0	  0	0     0     0	  0	0     0     0	  0
  1690:     0	  0	0     0     0	  0	0     0     0	  0
  1700:     0	  0	0     0     0	  0	0     0     0	  0
  1710:     0	  0	0     0     0	  0	0     0     0	  0
  1720:     0	  0	0     0     0	  0	0     0     0	  0
  1730:     0	  0	0     0     0	  0	0     0     0	  0
  1740:     0	  0	0     0     0	  0	0     0     0	  0
  1750:     0	  0	0     0     0	  0	0     0     0	  0
  1760:     0	  0	0     0     0	  0	0     0     0	  0
  1770:     0	  0	0     0     0	  0	0     0     0	  0
  1780:     0	  0	0     0     0	  0	0     0     0	  0
  1790:     0	  0	0     0     0	  0	0     0     0	  0
  1800:     0	  0	0     0     0	  0	0     0     0	  0
  1810:     0	  0	0     0     0	  0	0     0     0	  0
  1820:     0	  0	0     0     0	  0	0     0     0	  0
  1830:     0	  0	0     0     0	  0	0     0     0	  0
  1840:     0	  0	0     0     0	  0	0     0     0	  0
  1850:     0	  0	0     0     0	  0	0     0     0	  0
  1860:     0	  0	0     0     0	  0	0     0     0	  0
  1870:     0	  0	0     0     0	  0	0     0     0	  0
  1880:     0	  0	0     0     0	  0	0     0     0	  0
  1890:     0	  0	0     0     0	  0	0     0     0	  0
  1900:     0	  0	0     0     0	  0	0     0     0	  0
  1910:     0	  0	0     0     0	  0	0     0     0	  0
  1920:     0	  0	0     0     0	  0	0     0     0	  0
  1930:     0	  0	0     0     0	  0	0     0     0	  0
  1940:     0	  0	0     0     0	  0	0     0     0	  0
  1950:     0	  0	0     0     0	  0	0     0     0	  0
  1960:     0	  0	0     0     0	  0	0     0     0	  0
  1970:     0	  0	0     0     0	  0	0     0     0	  0
  1980:     0	  0	0     0     0	  0	0     0     0	  0
  1990:     0	  0	0     0     0	  0	0     0     0	  0
  2000:     0	  0	0     0     0	  0	0     0     0	  0
  2010:     0	  0	0     0     0	  0	0     0     0	  0
  2020:     0	  0	0     0     0	  0	0     0     0	  0
  2030:     0	  0	0     0     0	  0	0     0     0	  0
  2040:     0	  0	0     0     0	  0	0     0     0	  0
  2050:     0	  0	0     0     0	  0	0     0     0	  0
  2060:     0	  0	0     0     0	  0	0     0     0	  0
  2070:     0	  0	0     0     0	  0	0     0     0	  0
  2080:     0	  0	0     0     0	  0	0     0     0	  0
  2090:     0	  0	0     0     0	  0	0     0     0	  0
  2100:     0	  0	0     0     0	  0	0     0     0	  0
  2110:     0	  0	0     0     0	  0	0     0     0	  0
  2120:     0	  0	0     0     0	  0	0     0     0	  0
  2130:     0	  0	0     0     0	  0	0     0     0	  0
  2140:     0	  0	0     0     0	  0	0     0     0	  0
  2150:     0	  0	0     0     0	  0	0     0     0	  0
  2160:     0	  0	0     0     0	  0	0     0     0	  0
  2170:     0	  0	0     0     0	  0	0     0     0	  0
  2180:     0	  0	0     0     0	  0	0     0     0	  0
  2190:     0	  0	0     0     0	  0	0     0     0	  0
  2200:     0	  0	0     0     0	  0	0     0     0	  0
  2210:     0	  0	0     0     0	  0	0     0     0	  0
  2220:     0	  0	0     0     0	  0	0     0     0	  0
  2230:     0	  0	0     0     0	  0	0     0     0	  0
  2240:     0	  0	0     0     0	  0	0     0     0	  0
  2250:     0	  0	0     0     0	  0	0     0     0	  0
  2260:     0	  0	0     0     0	  0	0     0     0	  0
  2270:     0	  0	0     0     0	  0	0     0     0	  0
  2280:     0	  0	0     0     0	  0	0     0     0	  0
  2290:     0	  0	0     0     0	  0	0     0     0	  0
  2300:     0	  0	0     0     0	  0	0     0     0	  0
  2310:     0	  0	0     0     0	  0	0     0     0	  0
  2320:     0	  0	0     0     0	  0	0     0     0	  0
  2330:     0	  0	0     0     0	  0	0     0     0	  0
  2340:     0	  0	0     0     0	  0	0     0     0	  0
  2350:     0	  0	0     0     0	  0	0     0     0	  0
  2360:     0	  0	0     0     0	  0	0     0     0	  0
  2370:     0	  0	0     0     0	  0	0     0     0	  0
  2380:     0	  0	0     0     0	  0	0     0     0	  0
  2390:     0	  0	0     0     0	  0	0     0     0	  0
  2400:     0	  0	0     0     0	  0	0     0     0	  0
  2410:     0	  0	0     0     0	  0	0     0     0	  0
  2420:     0	  0	0     0     0	  0	0     0     0	  0
  2430:     0	  0	0     0     0	  0	0     0     0	  0
  2440:     0	  0	0     0     0	  0	0     0     0	  0
  2450:     0	  0	0     0     0	  0	0     0     0	  0
  2460:     0	  0	0     0     0	  0	0     0     0	  0
  2470:     0	  0	0     0     0	  0	0     0     0	  0
  2480:     0	  0	0     0     0	  0	0     0     0	  0
  2490:     0	  0	0     0     0	  0	0     0     0	  0
  2500:     0	  0	0     0     0	  0	0     0     0	  0
  2510:     0	  0	0     0     0	  0	0     0     0	  0
  2520:     0	  0	0     0     0	  0	0     0     0	  0
  2530:     0	  0	0     0     0	  0	0     0     0	  0
  2540:     0	  0	0     0     0	  0	0     0     0	  0
  2550:     0	  0	0     0     0	  0 === Cut ===

					       Slava.

--- http://sunny.aha.ru/~gw/ - home of Arvid Audio.
 * Origin: Joy to the people everywhere you see (2:5020/468.105)

